5615177132314422633773357162745162431525676654244
5615177132314422633773357162745162431525676654244
5615177132314422633773357162745162431525676654244
5615177132314422633773357162745162431525676654244
5615177132314422633773357162745162431525676654244
5615177132314422633773357162745162431525676654244
5615177132314422633773357162745162431525676654244
5615177132314422633773357162745162431525676654244
5615177132314422633773357162745162431525676654244
5615177132314422633773357162745162431525676654244
5615177132314422633773357162745162431525676654244
5615177132314422633773357162745162431525676654244
5615177132314422633773357162745162431525676654244
5615177132314422633773357162745162431525676654244
5615177132314422633773357162745162431525676654244